0

North
t: 0 2 1 2 3 1
v: 1 0 1
v: 0 0 1
v: 1 1 1
v: 0 1 1
n: 0 0 1
u: 0 0
u: 1 0
u: 0 1
u: 1 1
ta: 0 0 0 0

East
t: 0 2 1 2 3 1
v: 1 0 0
v: 1 0 1
v: 1 1 0
v: 1 1 1
n: 1 0 0
u: 0 0
u: 1 0
u: 0 1
u: 1 1
ta: 0 0 0 0

South
t: 0 2 1 2 3 1
v: 0 0 0
v: 1 0 0
v: 0 1 0
v: 1 1 0
n: 0 0 -1
u: 0 0
u: 1 0
u: 0 1
u: 1 1
ta: 0 0 0 0

West
t: 0 2 1 2 3 1
v: 0 0 1
v: 0 0 0
v: 0 1 1
v: 0 1 0
n: -1 0 0
u: 0 0
u: 1 0
u: 0 1
u: 1 1
ta: 0 0 0 0

Up
t: 0 2 1 2 3 1
v: 1 1 1
v: 0 1 1
v: 1 1 0
v: 0 1 0
n: 0 1 0
u: 0 0
u: 1 0
u: 0 1
u: 1 1
ta: 0 0 0 0

Down
t: 0 2 1 2 3 1
v: 0 0 1
v: 1 0 1
v: 0 0 0
v: 1 0 0
n: 0 1 0
u: 0 0
u: 1 0
u: 0 1
u: 1 1
ta: 0 0 0 0